                                     patent_id
disambig_assignee_organization year           
Apple Inc.                     2000         23
                               2001         27
                               2002         52
                               2003        169
                               2004        230
                               2005        341
                               2006        548
                               2007        925
                               2008       1004
                               2009       1035
                               2010       1436
                               2011       1616
                               2012       2419
                               2013       1844
                               2014       2350
                               2015       2380
                               2016       2598
                               2017       2380
                               2018       2653
                               2019       2660
                               2020       2371
                               2021       1127
                               2022        278
HUAWEI TECHNOLOGIES CO., LTD.  2000          2
                               2001          9
                               2002         38
                               2003         61
                               2004         41
                               2005         77
                               2006        197
                               2007        236
                               2008        292
                               2009        430
                               2010        412
                               2011        596
                               2012        756
                               2013        958
                               2014       1502
                               2015       1728
                               2016       2149
                               2017       2171
                               2018       2238
                               2019       2891
                               2020       2452
                               2021        801
                               2022         56
MOTOROLA SOLUTIONS, INC.       2001          1
                               2002          3
                               2004          6
                               2005         15
                               2006         33
                               2007        115
                               2008        132
                               2009        109
                               2010        111
                               2011        106
                               2012        115
                               2013        144
                               2014        137
                               2015        145
                               2016        129
                               2017        149
                               2018        168
                               2019        152
                               2020        113
                               2021         50
                               2022          3
Motorola Mobility LLC          2000          3
                               2001          3
                               2002         15
                               2003         20
                               2004         26
                               2005         48
                               2006        142
                               2007        219
                               2008        222
                               2009        214
                               2010        164
                               2011        162
                               2012        141
                               2013         37
                               2014         11
                               2015        177
                               2016        168
                               2017        190
                               2018        147
                               2019        164
                               2020        115
                               2021         89
                               2022         11
Motorola, Inc.                 2000       1037
                               2001        665
                               2002        758
                               2003        662
                               2004        479
                               2005        417
                               2006        360
                               2007        186
                               2008        104
                               2009         27
                               2010          2
                               2012          1
SAMSUNG DISPLAY CO., LTD.      2000       1960
                               2001       2002
                               2002       2388
                               2003       3409
                               2004       4489
                               2005       5294
                               2006       6470
                               2007       6444
                               2008       5834
                               2009       5223
                               2010       5826
                               2011       6419
                               2012       6690
                               2013       9017
                               2014       9372
                               2015      10754
                               2016       9016
                               2017       8441
                               2018       8283
                               2019       9288
                               2020       8554
                               2021       3580
                               2022        488
